image_width: 640
image_height: 480
camera_name: usb_fallback_cam
camera_matrix:
  rows: 3
  cols: 3
  data: [601.348, 0.0, 338.799, 0.0, 592.761, 253.476, 0.0, 0.0, 1.0]
distortion_model: plumb_bob
distortion_coefficients:
  rows: 1
  cols: 5
  data: [-0.399577, 0.138588, -0.010197, -0.006485, 0.0]
rectification_matrix:
  rows: 3
  cols: 3
  data: [1.0, 0.0, 0.0, 0.0, 1.0, 0.0, 0.0, 0.0, 1.0]
projection_matrix:
  rows: 3
  cols: 4
  data: [522.998, 0.0, 338.798, 0.0, 0.0, 550.243, 251.165, 0.0, 0.0, 0.0, 1.0, 0.0]
